
#OTU ID	NoVi2.DNA	NoVi2.RNA	NoVi1.DNA	NoVi1.RNA	NoVi5.DNA	NoVi4.RNA	NoVi3.DNA	NoVi4.DNA	NoVi5.RNA	NoVi3.RNA
149bd003afc4f4dcb1ce23429c8918fb	2430.0	0.0	2210.0	584.0	1010.0	2472.0	1482.0	6.0	0.0	470.0
b1e4229e8feef110278ac6b0332e78aa	2337.0	0.0	1992.0	579.0	1449.0	2190.0	1855.0	13.0	0.0	511.0
4d569cf8a71662c9ccadc160279b1e27	1644.0	233.0	1066.0	213.0	693.0	1386.0	844.0	2.0	0.0	17.0
9e2871d5024002fa170134c22c006c39	1145.0	0.0	62.0	146.0	16.0	101.0	7.0	0.0	0.0	435.0
e0f1938338e6f9b8cf8408e672ee6cd1	1021.0	47.0	107.0	102.0	714.0	400.0	664.0	0.0	0.0	15.0
fae08f6b3b398e1cc9db1dd0572c8147	423.0	99.0	37.0	9.0	0.0	0.0	0.0	0.0	0.0	3.0
87d980b22c65ae7843e271b7561e1f23	356.0	3.0	68.0	45.0	101.0	212.0	138.0	0.0	0.0	529.0
40cebed2a2a6465700df2d1713a40126	313.0	64.0	106.0	27.0	58.0	120.0	154.0	0.0	0.0	0.0
4069e5a4a2f0d8d687a4c9d8e4b7ad6c	222.0	0.0	112.0	65.0	202.0	150.0	138.0	0.0	0.0	36.0
9390c28bf00bc098fec95db2dd8232f4	209.0	4.0	0.0	4.0	12.0	0.0	8.0	0.0	0.0	0.0
55c2494d2f31b6c3210a63e4596b8aaa	203.0	2.0	0.0	0.0	0.0	6.0	0.0	0.0	0.0	0.0
f6436e7085d15342388e67b55d692fb6	193.0	2.0	2.0	29.0	39.0	68.0	16.0	0.0	0.0	9.0
58954995ec7c5ddaf21c8662e7d4c200	193.0	0.0	0.0	0.0	120.0	0.0	41.0	0.0	0.0	0.0
4fe49fe5c1015cb0a948e5b8a085d860	172.0	492.0	204.0	35.0	11.0	116.0	91.0	8.0	0.0	0.0
2b7c641f340f0aa4efda1a395506e2e1	157.0	3.0	162.0	17.0	626.0	259.0	112.0	0.0	0.0	82.0
b6944621720a61f8864c61ae0cb47391	149.0	68.0	217.0	29.0	79.0	132.0	40.0	0.0	0.0	42.0
016cbc298d33133214af48f03bce031f	145.0	0.0	22.0	0.0	161.0	0.0	24.0	0.0	50.0	0.0
1b448e00c078f81e49a61933072345d2	144.0	95.0	294.0	37.0	145.0	178.0	265.0	3.0	0.0	199.0
dcbbd7824c46376eef4aa666f9b1cb84	143.0	11.0	71.0	108.0	230.0	253.0	175.0	0.0	0.0	46.0
924152634eb0f43132666a740d266fb8	139.0	0.0	0.0	0.0	0.0	0.0	0.0	0.0	0.0	0.0
94891a4fd54fa04633ecee15b54fc5fa	133.0	23.0	22.0	3.0	42.0	6.0	42.0	0.0	0.0	12.0
94ca1389331a3a9230237844cfd545f6	113.0	298.0	236.0	61.0	145.0	115.0	27.0	0.0	0.0	6.0
92e79ed7ceb1f8a9e5d1e86035b0cae3	112.0	25.0	123.0	31.0	17.0	102.0	47.0	0.0	0.0	0.0
4824fe87ef1413e49af31eb4e00ddbd1	105.0	862.0	334.0	42.0	105.0	45.0	58.0	0.0	0.0	1.0
13692c41b4bf5d577c28c278caafcddb	105.0	0.0	135.0	27.0	89.0	1.0	24.0	0.0	0.0	0.0
a54095a893fd5abc045d162bbe20644a	98.0	0.0	0.0	0.0	0.0	0.0	0.0	66.0	0.0	0.0
2ca928ad9749bb9726c35d6528fefec1	97.0	29.0	10.0	8.0	71.0	56.0	30.0	89.0	51.0	3.0
f83bd8cc6fb090120ecb8222914136e0	97.0	8.0	39.0	3.0	129.0	0.0	44.0	3.0	0.0	8.0
7d452c3b0607078cc0e3a227cdf33b08	94.0	1.0	11.0	5.0	13.0	0.0	0.0	12.0	0.0	0.0
6cb6336657a877312e22f5bff5dd27aa	92.0	0.0	88.0	167.0	160.0	319.0	71.0	0.0	0.0	307.0
f8eff23ce09acb9a04404e9e6387f427	87.0	0.0	0.0	0.0	49.0	0.0	4.0	0.0	0.0	2.0
a113fe4b4d24f4ea22a4dec9691a01c4	85.0	0.0	24.0	31.0	34.0	96.0	16.0	0.0	0.0	105.0
715429e1b5724615a57fe7b1df20da86	82.0	3.0	0.0	0.0	0.0	0.0	3.0	0.0	0.0	1.0
0e401b8b2b9e6eae62f5293945f5b9a7	82.0	0.0	0.0	0.0	0.0	0.0	0.0	7.0	0.0	0.0
6be678de197b54f9a04f6c984b91ef22	79.0	10.0	30.0	26.0	108.0	33.0	65.0	0.0	0.0	10.0
ddb816d08853c61ba2d07fcaa6891188	79.0	0.0	88.0	14.0	5.0	147.0	58.0	0.0	0.0	12.0
729adc884c6f1c451cb3e125d69084f2	76.0	2.0	90.0	0.0	0.0	0.0	0.0	0.0	0.0	0.0
fdd8fc10037d9e0e2f8cd7d43a210669	71.0	0.0	0.0	0.0	100.0	3.0	25.0	0.0	0.0	141.0
c3d9608c9ea001108c947c63206a8bd0	69.0	9.0	51.0	24.0	103.0	46.0	74.0	21.0	0.0	21.0
9d08191c3aeb5fb8f11e49a1450efa87	54.0	5.0	0.0	0.0	92.0	0.0	37.0	0.0	0.0	0.0
71b03ca57130ce77ca14162f9c29d881	51.0	0.0	19.0	20.0	11.0	15.0	0.0	4.0	0.0	2.0
1b963d0d7457ac133aed9497f03b5a64	48.0	61.0	27.0	0.0	0.0	10.0	0.0	115.0	33.0	5.0
16564bc936c839c893f951bab613a30b	46.0	0.0	3.0	0.0	0.0	2.0	0.0	7.0	0.0	0.0
05a3ad808b1c37b9fcc7d28890cf9bc4	44.0	0.0	0.0	0.0	0.0	0.0	0.0	0.0	0.0	0.0
d8cc3aca1fdc0b5c9ea1008b6763199f	44.0	18.0	41.0	3.0	0.0	36.0	0.0	0.0	0.0	0.0
6f384c926424d43c215fbe9337d55324	42.0	0.0	17.0	0.0	3.0	0.0	0.0	0.0	0.0	0.0
12c453822ec329e58d657bbda91d176d	41.0	3.0	0.0	0.0	0.0	0.0	0.0	0.0	0.0	5.0
bc3fcb2b5f5f53acd72beef5c8099a3b	39.0	0.0	203.0	2.0	16.0	13.0	0.0	0.0	0.0	3.0
76d2032108822bcfaa90a4873f7a51aa	39.0	2.0	52.0	3.0	0.0	5.0	15.0	4.0	10.0	0.0
7366a8b464cf765b143c0afc7a833bcd	36.0	1.0	40.0	0.0	0.0	0.0	0.0	0.0	0.0	0.0
090273c4d5fb0199276332a421810630	36.0	1.0	0.0	0.0	0.0	0.0	0.0	1.0	0.0	0.0
3830e37a7ac6cf83a20dc9b8f225bb69	34.0	4.0	4.0	0.0	7.0	0.0	0.0	13.0	0.0	3.0
d5cb85f53c8718254d9e0fe1035c0f76	34.0	5.0	19.0	5.0	50.0	10.0	65.0	0.0	0.0	15.0
c50cc5322606a05dee3a17ff6ae42ea1	32.0	4.0	14.0	5.0	15.0	20.0	5.0	0.0	0.0	0.0
3cee3e1eb18fec1d27518e5b27052ab9	31.0	0.0	7.0	2.0	280.0	10.0	202.0	1.0	0.0	32.0
b18b389447d758e7cb173b4b4f2ad960	30.0	0.0	2.0	0.0	4.0	4.0	0.0	0.0	0.0	0.0
de391a8294254c47e8f460325eea85f8	29.0	36.0	150.0	8.0	0.0	0.0	1.0	0.0	0.0	0.0
60e7790625cfb0b6925cf7001ca0937c	29.0	0.0	0.0	0.0	0.0	0.0	0.0	0.0	0.0	0.0
0f2a155a57fe6d0bf34767080706b3e1	26.0	0.0	86.0	8.0	29.0	9.0	2.0	0.0	0.0	2.0
cfe7782ee55e41fbc4e805e67f44422c	25.0	0.0	6.0	0.0	1.0	0.0	0.0	0.0	0.0	0.0
471e8d227cfd3427226dccd94335bc35	25.0	0.0	0.0	0.0	0.0	0.0	0.0	0.0	0.0	0.0
45f73e1340277ac9658b26da925310ad	25.0	0.0	133.0	170.0	31.0	120.0	6.0	19.0	0.0	24.0
007ac2c602df5b6ad5d7a3293b682254	23.0	0.0	68.0	0.0	18.0	27.0	3.0	0.0	0.0	4.0
f6ee37332a64183b520c39395069b938	23.0	0.0	0.0	0.0	7.0	0.0	0.0	0.0	0.0	0.0
de7304c389777c8b42fee45f5ddc3b8b	22.0	0.0	0.0	0.0	0.0	0.0	0.0	0.0	0.0	0.0
dca0a0ee7c6d11b3920349464023607a	21.0	0.0	0.0	13.0	54.0	9.0	13.0	0.0	0.0	0.0
3a8cdd5b494e9fdb0077f6bb185b7010	20.0	0.0	98.0	0.0	2.0	11.0	26.0	5.0	5.0	0.0
3a1c2d5547ddb7f76306a042f8bef6a4	19.0	135.0	0.0	7.0	2.0	0.0	39.0	2.0	0.0	0.0
81080b8b4da65136cb40db25a225fb39	18.0	4.0	56.0	2.0	0.0	29.0	13.0	0.0	0.0	0.0
86fd7e5263a8bb81e13841ef0c067758	18.0	0.0	0.0	0.0	0.0	0.0	0.0	0.0	0.0	0.0
4f5fea81ede431a1cac72e3583f8dbfd	18.0	189.0	0.0	4.0	3.0	3.0	0.0	13.0	0.0	0.0
3852d071cb68bbc47bf46d8754fbe1f5	17.0	0.0	47.0	0.0	2.0	24.0	2.0	0.0	0.0	0.0
bd64c378a650c2d14cb34c5cbe224fef	16.0	0.0	0.0	0.0	0.0	0.0	0.0	0.0	0.0	0.0
003f248f2f841709431141f45c4e0515	16.0	0.0	0.0	0.0	20.0	0.0	0.0	0.0	0.0	0.0
a0dd34923b255813384a6a1726bc6374	16.0	22.0	0.0	0.0	0.0	0.0	73.0	60.0	0.0	2.0
919dbfc5c2960fb001a3d976d6870f81	16.0	4.0	0.0	6.0	13.0	0.0	0.0	12.0	0.0	0.0
a6f4b150796f493b7c9edc7688cdb58c	16.0	0.0	0.0	0.0	0.0	0.0	0.0	0.0	0.0	0.0
1a9b3d4b2c16f6bb7259838241fdb754	16.0	0.0	0.0	0.0	0.0	0.0	0.0	0.0	0.0	0.0
fe7cf0340e8768e56eb88b28932605c3	15.0	0.0	0.0	0.0	0.0	0.0	0.0	0.0	0.0	0.0
f6bb195f075d463c5e9b620a6a76dbfd	15.0	25.0	45.0	27.0	59.0	43.0	13.0	161.0	20.0	3.0
c0064a44dddd8614fc2a59582ff57b8c	15.0	0.0	0.0	0.0	9.0	0.0	14.0	0.0	0.0	0.0
961271de68426cbf8be892e29fe2459a	14.0	0.0	7.0	0.0	0.0	0.0	0.0	0.0	0.0	0.0
ce079042d6deef42d2540cd36d346522	14.0	0.0	5.0	0.0	0.0	0.0	0.0	0.0	0.0	0.0
4ea5683e2c2a183c11c45dc8fbd0c67c	14.0	0.0	0.0	0.0	0.0	0.0	0.0	0.0	0.0	0.0
cfc01ed0bafa4bddc7c20e1efa700f90	14.0	0.0	0.0	0.0	0.0	0.0	0.0	0.0	0.0	0.0
db32e93689ebd016f5588270b63252eb	13.0	0.0	0.0	0.0	0.0	0.0	0.0	0.0	0.0	0.0
7f85283ec73dfc7d3a1b4c048cd54249	13.0	0.0	0.0	0.0	0.0	0.0	0.0	0.0	0.0	0.0
1efa40b072eff680cef56050982580c6	13.0	0.0	0.0	0.0	0.0	0.0	0.0	0.0	0.0	0.0
74c710ed5aade286c93523c7311108dc	12.0	0.0	158.0	14.0	114.0	103.0	133.0	0.0	0.0	21.0
ad07b6fbb9ce0181f1e44ff3fdccd6c1	12.0	0.0	0.0	0.0	0.0	0.0	0.0	0.0	0.0	0.0
88802882135259416b98180ad147afb0	11.0	0.0	0.0	0.0	0.0	0.0	0.0	0.0	0.0	0.0
8317ce9878d9aaf83342e8a3acca3dbe	11.0	0.0	21.0	4.0	9.0	39.0	50.0	14.0	9.0	7.0
92a2aee69fff257365a979f636e42540	10.0	4.0	0.0	0.0	2.0	0.0	0.0	0.0	0.0	0.0
7f4909ae8d31a3995fa2c200c690a21f	10.0	0.0	0.0	6.0	0.0	0.0	0.0	15.0	0.0	1.0
1374c09c8f35583a3f3c813b0a99d96f	10.0	0.0	0.0	0.0	0.0	0.0	0.0	0.0	0.0	0.0
b608fc864409cfee060de8502a00c6ed	10.0	0.0	0.0	0.0	0.0	0.0	0.0	0.0	0.0	0.0
b41dd380aa8b0f07b8e161f4c068fdf7	9.0	0.0	0.0	0.0	57.0	9.0	82.0	0.0	0.0	0.0
b119045a1dc2f7d22f8d2aaced12e2cb	9.0	0.0	7.0	3.0	0.0	15.0	0.0	0.0	0.0	9.0
7807545350e0276946a02f1a75172db0	8.0	0.0	0.0	0.0	2.0	0.0	0.0	0.0	0.0	0.0
d54131081e3772db7b5a91f323ad5918	8.0	0.0	0.0	2.0	0.0	11.0	4.0	0.0	0.0	0.0
aef98bf06f5d776e1aff4298d5c70e5d	8.0	0.0	4.0	9.0	6.0	2.0	0.0	0.0	0.0	1.0
3e26fbeade85e6a42a6faa086c344195	7.0	0.0	0.0	0.0	0.0	0.0	18.0	0.0	0.0	2.0
f6cc9e16778168cb568c2d4afc7dbc5c	7.0	0.0	0.0	3.0	2.0	13.0	0.0	8.0	0.0	668.0
10322b652d5ffe37044fc2af74b722a3	7.0	0.0	17.0	0.0	0.0	0.0	0.0	0.0	0.0	15.0
0b925631436d3775231b60f9d0011cae	7.0	34.0	0.0	3.0	15.0	2.0	0.0	54.0	0.0	0.0
9b2f263374615ad224d4d37694ef02ff	5.0	0.0	0.0	0.0	0.0	0.0	0.0	5.0	0.0	1.0
4f3c59c6f53034ed119390bff672434b	5.0	0.0	0.0	0.0	3.0	11.0	0.0	0.0	0.0	0.0
ffa2c9597f50ead4bf9e998b28ae3c8b	5.0	0.0	0.0	0.0	4.0	0.0	0.0	0.0	0.0	3.0
213e73d4bf91c1fcc1504a61d90eef18	4.0	0.0	0.0	19.0	14.0	21.0	2.0	0.0	0.0	0.0
793c2ba44aeaac289f254be9b2356dd1	4.0	1.0	12.0	1.0	0.0	0.0	0.0	0.0	0.0	0.0
3cdd97ba69a504117de24626ba790e96	4.0	0.0	6.0	2.0	0.0	0.0	0.0	0.0	0.0	4.0
4cdd784ceaf0894a961ff03e9ba70773	4.0	3.0	8.0	0.0	6.0	0.0	56.0	0.0	0.0	8.0
02047d2e2da6d0e73846b63774619e77	4.0	0.0	0.0	0.0	12.0	0.0	0.0	0.0	0.0	0.0
d8a6777829870b41d1544fb173608685	3.0	3.0	0.0	0.0	0.0	0.0	2.0	5.0	0.0	0.0
a38073548189f71784ddc7d73bc1484e	3.0	38.0	0.0	5.0	2.0	0.0	0.0	31.0	0.0	0.0
392312a9e881f596fea982e6a9b69100	3.0	8.0	0.0	0.0	11.0	0.0	17.0	0.0	0.0	0.0
5e71ce6d606519730e74d20fd2a8f0fc	3.0	0.0	0.0	0.0	15.0	0.0	0.0	0.0	0.0	5.0
43bd1f3616b955e356811293e63146d2	3.0	0.0	0.0	0.0	0.0	0.0	7.0	0.0	0.0	0.0
0b9e950ebb48e09e40b16bc5a1290fc7	3.0	0.0	0.0	0.0	13.0	0.0	0.0	0.0	0.0	0.0
75365923dbc6f185395426a52a9d419e	3.0	8.0	0.0	0.0	0.0	0.0	0.0	0.0	0.0	0.0
6d1377651053b80df184137ebd18ecae	2.0	0.0	12.0	15.0	0.0	13.0	0.0	0.0	0.0	8.0
c1fa3fc4d07fb84e65a1786194124e2d	2.0	0.0	0.0	0.0	18.0	4.0	0.0	0.0	0.0	0.0
c4aad64f84f51ff331b986a67af4ed3d	2.0	0.0	3.0	0.0	20.0	0.0	0.0	0.0	0.0	0.0
9b0aec5c0d59044434a8286a68ddcf66	2.0	0.0	0.0	0.0	6.0	0.0	0.0	22.0	0.0	0.0
d174fd25211450a7f7b6dbae6db61e2c	2.0	19.0	0.0	0.0	0.0	18.0	7.0	0.0	0.0	3.0
955d8fcbb35e8bc04c8df0c6aae34d34	2.0	21.0	7.0	31.0	144.0	29.0	86.0	11.0	0.0	2.0
a2a318e650ec6ff0edac6f1a8788db01	2.0	3.0	0.0	0.0	0.0	0.0	0.0	18.0	0.0	0.0
8c4af4f225be71929fefc4dd3c7b1d58	2.0	0.0	0.0	0.0	3.0	0.0	0.0	0.0	0.0	5.0
14d168c89e381de6fc3091837a557e48	2.0	0.0	0.0	6.0	10.0	8.0	0.0	0.0	1.0	22.0
3088e4e704080765a114e6d226302abd	2.0	0.0	2.0	0.0	0.0	2.0	0.0	21.0	0.0	0.0
9d0c0b47ad49dc66b5ebbbfbd75c3c43	1.0	0.0	8.0	3.0	0.0	1.0	0.0	0.0	0.0	0.0
41c686088d124f17c99dcf9bf3acf9d5	1.0	0.0	24.0	0.0	24.0	0.0	0.0	253.0	0.0	0.0
94f0270bf61e49c97e7fb34688750dce	1.0	8.0	0.0	4.0	0.0	0.0	0.0	0.0	0.0	0.0
0bc1bbb235e48d6d4336e9d22907d8c0	1.0	0.0	0.0	0.0	0.0	0.0	12.0	0.0	0.0	0.0
da1cbb3b4a91517cb989f5d1143050fa	1.0	2.0	0.0	0.0	7.0	0.0	0.0	2.0	0.0	0.0
fea8bdad574e4aa7a28274438ae570bd	1.0	17.0	0.0	6.0	8.0	0.0	0.0	10.0	0.0	0.0
185df2b73b4805164470dfaea2d05223	0.0	4667.0	0.0	1.0	0.0	0.0	0.0	12.0	0.0	0.0
a0978c38a65399741e7cdf0485582220	0.0	1626.0	0.0	0.0	0.0	0.0	0.0	0.0	0.0	0.0
35106a5f515b16489ff5f899d05fa4b9	0.0	1369.0	0.0	0.0	34.0	0.0	0.0	0.0	0.0	0.0
19061922564a942770a235e79982bdf7	0.0	178.0	0.0	8.0	1.0	0.0	0.0	0.0	0.0	0.0
22e32134ab7b4cbb56eb758c9981d159	0.0	95.0	0.0	22.0	0.0	0.0	0.0	0.0	0.0	0.0
fe48a9a8e670bd10c2505c0c9d138061	0.0	49.0	0.0	0.0	0.0	0.0	12.0	31.0	0.0	0.0
0c442d5de690a3b8d760990d7e2ee273	0.0	34.0	0.0	0.0	0.0	0.0	2.0	0.0	0.0	0.0
5a02c9985adcd7543dff8c846cff62a5	0.0	32.0	0.0	0.0	0.0	0.0	0.0	6.0	0.0	0.0
d329ff7ff76454d2282c9f01c2798588	0.0	30.0	149.0	0.0	17.0	0.0	0.0	0.0	0.0	0.0
e83fa923d1e185d9c9de13ca3b37c8f2	0.0	30.0	0.0	0.0	0.0	0.0	0.0	2.0	21.0	0.0
57031d5cbd768559759a21b6d86cd477	0.0	29.0	9.0	0.0	97.0	0.0	42.0	0.0	0.0	13.0
0310f41e594c49368dde5c5993a7a5d0	0.0	23.0	0.0	0.0	0.0	0.0	0.0	26.0	0.0	0.0
739bae25753a3de4c913153858a1ddfa	0.0	22.0	0.0	0.0	0.0	0.0	0.0	14.0	0.0	0.0
f9661b31af9bae475453b8806d0d3c7d	0.0	20.0	0.0	3.0	0.0	0.0	5.0	0.0	2.0	0.0
6fd48951d2e72286830c538ea14ddb6b	0.0	18.0	0.0	0.0	0.0	0.0	0.0	0.0	0.0	0.0
b036712f89b550361b6b5a46c8873bde	0.0	13.0	0.0	0.0	0.0	0.0	0.0	0.0	0.0	0.0
46a7fe8654eac5de06b4cd4cc57c72f1	0.0	13.0	0.0	0.0	0.0	0.0	0.0	0.0	0.0	0.0
d403b04cebaa9fad1f2e6de5eb269b0b	0.0	11.0	0.0	0.0	0.0	0.0	0.0	0.0	0.0	0.0
01b99cb344ed2530f7d80897ffe257a9	0.0	10.0	0.0	0.0	0.0	0.0	0.0	0.0	0.0	0.0
8e7fe111e2b62dbc3743502e219a49b1	0.0	10.0	0.0	0.0	0.0	0.0	0.0	28.0	0.0	0.0
66919209239c89723f05e8ddb69070bc	0.0	8.0	0.0	5.0	0.0	0.0	2.0	24.0	0.0	0.0
415533f2c60ea0c5ef2a292a3336ca9b	0.0	8.0	0.0	0.0	0.0	3.0	4.0	0.0	0.0	0.0
2cec2792e54f61e12e1a0b2507826118	0.0	7.0	7.0	0.0	0.0	0.0	0.0	0.0	0.0	0.0
7f76313498ac17590469e7ec9b092b46	0.0	6.0	0.0	0.0	0.0	0.0	0.0	0.0	74.0	0.0
f3ed29d9b4cd4e1ea7861fbe19314125	0.0	6.0	0.0	0.0	0.0	6.0	0.0	14.0	0.0	0.0
ed028d22164ae89854eb251bde2cdc8a	0.0	5.0	0.0	0.0	0.0	6.0	0.0	0.0	0.0	0.0
ba60495740575974b203299ca9b95f53	0.0	5.0	7.0	2.0	56.0	10.0	64.0	7.0	0.0	0.0
d7d67856b34698f8d9972b95ddee3134	0.0	5.0	5.0	0.0	0.0	0.0	0.0	0.0	0.0	0.0
03498c9bf73d4266cd9e10c7c2046272	0.0	3.0	0.0	0.0	12.0	0.0	0.0	0.0	0.0	0.0
909755d7142ea53c7f61c97c3586f26c	0.0	3.0	41.0	0.0	0.0	0.0	17.0	0.0	3.0	0.0
5e08037833d2aee50924f037b6e56ab3	0.0	3.0	0.0	0.0	25.0	0.0	0.0	6.0	0.0	0.0
9e547cfda3a98b4cd5b43818fdd95183	0.0	2.0	3.0	0.0	12.0	0.0	0.0	0.0	0.0	0.0
8eb07752bbc1c95c6d357090830c729b	0.0	2.0	2.0	0.0	0.0	0.0	0.0	13.0	0.0	0.0
2f21f52f6d6cc53cc20a23361a34502c	0.0	2.0	7.0	3.0	23.0	11.0	29.0	0.0	0.0	17.0
50e96bbd1a8267119529843a1acb43a5	0.0	2.0	0.0	0.0	0.0	0.0	9.0	0.0	0.0	0.0
4a2e749125be634801ba510640e91e84	0.0	2.0	9.0	0.0	0.0	0.0	0.0	0.0	0.0	0.0
2f6d99682f3b96b631e1e42e7e36be6a	0.0	2.0	0.0	0.0	0.0	0.0	0.0	34.0	0.0	0.0
41c7b90b86cc1e8b35137e6274b0872a	0.0	2.0	12.0	0.0	0.0	0.0	0.0	0.0	0.0	0.0
b428acd97e6af974db1b053a2bc2b5c8	0.0	2.0	8.0	0.0	58.0	0.0	24.0	41.0	255.0	0.0
147f2c2c24c7e1b1c371d42a36816214	0.0	2.0	4.0	0.0	6.0	12.0	18.0	5.0	0.0	6.0
ae6ae1cd92de733a87fc4da5b99c617b	0.0	2.0	0.0	0.0	0.0	0.0	9.0	0.0	0.0	0.0
7effbd18d9a6fe0020360b53c48e130a	0.0	1.0	0.0	0.0	0.0	0.0	0.0	11.0	0.0	0.0
6c089116108c9edc4551f449c26d0c6e	0.0	1.0	0.0	0.0	0.0	0.0	0.0	58.0	0.0	0.0
0852f68de90370d660b13f368fc52486	0.0	0.0	200.0	241.0	38.0	351.0	3.0	0.0	0.0	240.0
f8753b9f13abb306b57aedce2cf6e7d0	0.0	0.0	83.0	0.0	0.0	0.0	0.0	0.0	0.0	0.0
a4062fd59bef622de8cc689baee4ffe7	0.0	0.0	82.0	0.0	0.0	0.0	0.0	0.0	0.0	0.0
057d01a1ed4623f52fb4764017d727b3	0.0	0.0	70.0	0.0	0.0	0.0	0.0	0.0	0.0	0.0
e31b5affbe5e23b79a8619589f3b6620	0.0	0.0	64.0	0.0	0.0	21.0	0.0	0.0	0.0	0.0
7e598ad34909a3fb8ff1623f1ede11a6	0.0	0.0	60.0	0.0	0.0	23.0	0.0	0.0	39.0	0.0
66bba55a43e01d9f807137c1bfc100c4	0.0	0.0	58.0	0.0	0.0	11.0	0.0	0.0	0.0	0.0
7dc6da45d6df1b0fed4bb4dd493b8dac	0.0	0.0	57.0	0.0	0.0	0.0	0.0	0.0	0.0	0.0
76e8305b47ef8b35c452b5490589fc95	0.0	0.0	55.0	0.0	0.0	0.0	0.0	0.0	0.0	0.0
4fccea69a702bcb90cc0147c0fff2995	0.0	0.0	32.0	0.0	0.0	0.0	0.0	0.0	0.0	0.0
d6b469f8cdcf73a08b73ffaff704cb0f	0.0	0.0	26.0	0.0	0.0	0.0	0.0	0.0	0.0	0.0
434f8394cb5cb1df3f42061c13e17f34	0.0	0.0	20.0	0.0	0.0	0.0	0.0	0.0	0.0	0.0
063fa4f5a6fa894f7f8243468324ac5e	0.0	0.0	20.0	0.0	0.0	0.0	0.0	0.0	0.0	0.0
990c83d3b721c2fb03319551d808fc28	0.0	0.0	19.0	0.0	7.0	0.0	0.0	614.0	0.0	5.0
ee253a1e9bb414e7a42d5791441609b4	0.0	0.0	18.0	0.0	0.0	0.0	0.0	0.0	0.0	0.0
6de4955c509e8f32f905760cad0beeae	0.0	0.0	18.0	0.0	0.0	0.0	0.0	0.0	0.0	0.0
d9e5b5da01d216b81df1e6019b056fbf	0.0	0.0	17.0	0.0	0.0	0.0	0.0	0.0	0.0	3.0
093bfa417265c08841d56c28b2bbbea2	0.0	0.0	15.0	0.0	0.0	0.0	0.0	0.0	0.0	0.0
38ac782edd35a07b3a88e5193f6d9a0e	0.0	0.0	14.0	0.0	0.0	0.0	0.0	0.0	0.0	0.0
4d84a55ea5040b728a46924802178215	0.0	0.0	14.0	0.0	0.0	0.0	0.0	0.0	0.0	0.0
202fe66fd130b96a74f6bf78205a9eba	0.0	0.0	13.0	0.0	0.0	0.0	0.0	0.0	0.0	5.0
a049763053c277b16c2a318f41eb23b4	0.0	0.0	13.0	0.0	0.0	0.0	0.0	0.0	0.0	0.0
570cd8f3870759f47f65d44ea4cf634c	0.0	0.0	12.0	0.0	0.0	0.0	0.0	0.0	0.0	0.0
39acc7037c2845228513c620c7feea1e	0.0	0.0	12.0	0.0	0.0	0.0	0.0	20.0	0.0	0.0
a67197f006fa41e105f400eebe30871a	0.0	0.0	11.0	0.0	0.0	3.0	14.0	0.0	0.0	0.0
69cef8aff2cc70c51df166774c1446b3	0.0	0.0	11.0	0.0	0.0	0.0	0.0	0.0	0.0	0.0
b65f8931698507015de2e1c5f0961cd3	0.0	0.0	11.0	0.0	0.0	0.0	0.0	0.0	0.0	0.0
b8c11df16569ef731f945d5f12524ee9	0.0	0.0	10.0	0.0	0.0	0.0	0.0	0.0	0.0	0.0
19eebb4310753252f0642bfc6e5b5512	0.0	0.0	7.0	0.0	60.0	36.0	0.0	4.0	0.0	489.0
d6f5dc9f71a337ee4e65f433a234709d	0.0	0.0	7.0	0.0	9.0	14.0	0.0	33.0	0.0	0.0
cb2fe0146e2fbcb101050edb996a0ee2	0.0	0.0	6.0	0.0	0.0	34.0	4.0	0.0	0.0	0.0
be21fe53c2c98f519b6fe157a100075c	0.0	0.0	5.0	6.0	0.0	17.0	0.0	0.0	0.0	0.0
781a02105e41617e7137815c190e0bd2	0.0	0.0	3.0	0.0	0.0	0.0	17.0	0.0	0.0	0.0
9fb15a130731214be0e1de2eda5a78af	0.0	0.0	3.0	0.0	0.0	8.0	0.0	0.0	0.0	0.0
303da4cc2860cad121c30860efc698b3	0.0	0.0	2.0	1.0	13.0	0.0	0.0	0.0	0.0	0.0
636c27859c1ac0a7994ca8ed145d03fe	0.0	0.0	2.0	0.0	6.0	8.0	0.0	0.0	0.0	0.0
21bc9a5af6203656e6d1066a13121fb0	0.0	0.0	1.0	0.0	0.0	0.0	0.0	23.0	0.0	0.0
6986b1ecd761fe079af4beba379cb2e9	0.0	0.0	0.0	13.0	0.0	2.0	0.0	0.0	0.0	0.0
5c32facacfe207f1a4248333c2d67d11	0.0	0.0	0.0	10.0	0.0	0.0	0.0	0.0	0.0	0.0
93d53d46b2ce5a918f323a40c45a1049	0.0	0.0	0.0	6.0	0.0	4.0	0.0	0.0	0.0	0.0
371ee00d1353bcab4650f9e83af5cccb	0.0	0.0	0.0	3.0	6.0	0.0	0.0	0.0	0.0	3.0
5de66c31f25701ad795c044ec101ab3c	0.0	0.0	0.0	3.0	3.0	11.0	6.0	0.0	0.0	12.0
5f86ec5f08b8aa729e6047a483cec68a	0.0	0.0	0.0	2.0	0.0	10.0	0.0	0.0	0.0	0.0
c2ec352f0a471cc0e2e2138bd90ef334	0.0	0.0	0.0	2.0	0.0	0.0	0.0	19.0	0.0	0.0
928727a8bd67ce91ef0c01b3c032b968	0.0	0.0	0.0	0.0	304.0	0.0	397.0	0.0	0.0	0.0
4702bcec88c67c7b84f01cc6759b8081	0.0	0.0	0.0	0.0	196.0	0.0	0.0	0.0	0.0	0.0
ce0a2b868a2c7f32c37f8f61fa40eaa9	0.0	0.0	0.0	0.0	164.0	0.0	289.0	0.0	0.0	0.0
8a8a271e93aa44203f881f35a86f9be7	0.0	0.0	0.0	0.0	158.0	0.0	109.0	0.0	0.0	13.0
34f50cb6f431dee203ca1a164e1b2a57	0.0	0.0	0.0	0.0	117.0	0.0	112.0	0.0	0.0	0.0
05002473ad944efa4b9bd80b048fd250	0.0	0.0	0.0	0.0	82.0	0.0	50.0	0.0	0.0	5.0
b90879c5b6561232795f4de9ad7ebebd	0.0	0.0	0.0	0.0	63.0	0.0	0.0	0.0	0.0	0.0
e39a37930939fce0067a950d74b7b7ff	0.0	0.0	0.0	0.0	51.0	0.0	0.0	0.0	0.0	0.0
55a8f4e2436486c74c26624fab2a0bc1	0.0	0.0	0.0	0.0	37.0	0.0	0.0	0.0	0.0	0.0
9e5d2ef0d55e147b8c022915b2c79bea	0.0	0.0	0.0	0.0	36.0	0.0	0.0	0.0	0.0	0.0
c1ad00df20ba8fedee1c7767302b92db	0.0	0.0	0.0	0.0	35.0	0.0	0.0	0.0	0.0	0.0
bd1f2db8e41f4397b8995d7283a013b2	0.0	0.0	0.0	0.0	34.0	0.0	0.0	0.0	0.0	0.0
f74a32ecfa4509c94267139b7047dcec	0.0	0.0	0.0	0.0	33.0	0.0	3.0	0.0	0.0	5.0
e94303fb6e299e5f73faf77100e0024f	0.0	0.0	0.0	0.0	29.0	0.0	0.0	0.0	0.0	0.0
c702e08f56945b5c48132f4c85407246	0.0	0.0	0.0	0.0	28.0	0.0	0.0	0.0	0.0	0.0
14c577511e464d340fce247438b84bd3	0.0	0.0	0.0	0.0	26.0	0.0	0.0	0.0	0.0	0.0
4174880fc4046a280c9b5f26a3223be2	0.0	0.0	0.0	0.0	25.0	0.0	0.0	0.0	0.0	0.0
8101da5193e402ec2741419cd0515110	0.0	0.0	0.0	0.0	20.0	0.0	0.0	0.0	0.0	0.0
fe34bb2200d60868d5bded902740acad	0.0	0.0	0.0	0.0	19.0	0.0	7.0	0.0	0.0	0.0
f6ac48b949d1817f11624df01300568a	0.0	0.0	0.0	0.0	18.0	0.0	0.0	0.0	0.0	0.0
c25f5369ed4e90d9238857266214bf73	0.0	0.0	0.0	0.0	18.0	0.0	0.0	0.0	0.0	0.0
1c0a00b159b2154357cc9bc7499c58b2	0.0	0.0	0.0	0.0	17.0	0.0	0.0	0.0	0.0	0.0
9ca9ebf4b7f964cb3712a346057a1b1d	0.0	0.0	0.0	0.0	14.0	1.0	30.0	0.0	0.0	16.0
380aa44c8cb5e8d5fe80510f1d535025	0.0	0.0	0.0	0.0	12.0	0.0	0.0	0.0	0.0	0.0
0b04fa38eb4734dcac0cbcb1718edd19	0.0	0.0	0.0	0.0	11.0	0.0	0.0	0.0	0.0	0.0
f07b2774ceebf5fb048ac9424942b43a	0.0	0.0	0.0	0.0	11.0	0.0	9.0	0.0	0.0	0.0
a71658f01c8c7db7c46e28540f3be51e	0.0	0.0	0.0	0.0	10.0	0.0	0.0	6.0	9.0	0.0
d05179df30e3fd67aa7731ed64f89576	0.0	0.0	0.0	0.0	7.0	0.0	6.0	0.0	0.0	0.0
10dfbf7c90552b39b8c8894f133deb67	0.0	0.0	0.0	0.0	7.0	0.0	4.0	0.0	0.0	0.0
17d3f60729919bdd1ee3c838f43a4e59	0.0	0.0	0.0	0.0	4.0	0.0	0.0	0.0	6.0	0.0
2207f98208c520d908e74e64bac0b559	0.0	0.0	0.0	0.0	3.0	0.0	9.0	0.0	0.0	4.0
874555455552735cd8a19e0e73d5d790	0.0	0.0	0.0	0.0	3.0	0.0	0.0	7.0	0.0	0.0
7ff9a49cd5bbefcf0077937e31a74001	0.0	0.0	0.0	0.0	2.0	0.0	13.0	0.0	0.0	0.0
6501c5666925c11afb9fecb2aa36853e	0.0	0.0	0.0	0.0	0.0	28.0	0.0	0.0	0.0	0.0
41735c13fb7f63db49b10fba5d959ce3	0.0	0.0	0.0	0.0	0.0	26.0	0.0	0.0	0.0	0.0
e31f3d32519dc9021ff790f87d76114c	0.0	0.0	0.0	0.0	0.0	24.0	0.0	0.0	0.0	1.0
368388327067bb05badafcc29799b5f1	0.0	0.0	0.0	0.0	0.0	22.0	0.0	0.0	0.0	0.0
c0660899d4de8999e1b3cbf81559eb5f	0.0	0.0	0.0	0.0	0.0	21.0	0.0	0.0	0.0	0.0
5e1a76ed99b0623d5c720e2e593bb678	0.0	0.0	0.0	0.0	0.0	19.0	0.0	0.0	0.0	0.0
0fad17e09b4d4e4d404bcdcfd1a70076	0.0	0.0	0.0	0.0	0.0	15.0	0.0	0.0	0.0	0.0
7ec9fe0286e623f6f439928e0002c40d	0.0	0.0	0.0	0.0	0.0	14.0	0.0	0.0	0.0	0.0
bcf1aed0b35a02b5393026db79fbda58	0.0	0.0	0.0	0.0	0.0	14.0	0.0	0.0	0.0	0.0
2f09559bc1ffcc3ea06ae2766194920b	0.0	0.0	0.0	0.0	0.0	13.0	0.0	0.0	0.0	0.0
f30fa56329e7ac87660d2a05665af627	0.0	0.0	0.0	0.0	0.0	12.0	0.0	0.0	0.0	0.0
ad41fe8f8be5b01c96549309937e3b14	0.0	0.0	0.0	0.0	0.0	11.0	0.0	0.0	0.0	0.0
e4949f2365cc220157b67fd1a89ebed4	0.0	0.0	0.0	0.0	0.0	11.0	0.0	0.0	0.0	0.0
b58bead66d971c35ff62b325ce343f1a	0.0	0.0	0.0	0.0	0.0	11.0	0.0	1.0	0.0	0.0
2c69b793f021d8bedf2f8b09751e56c6	0.0	0.0	0.0	0.0	0.0	10.0	0.0	0.0	0.0	0.0
50b5d828e3c98ab723cd05abee40c9eb	0.0	0.0	0.0	0.0	0.0	10.0	0.0	0.0	0.0	0.0
c4f5e6755025474b6355c9d890aae274	0.0	0.0	0.0	0.0	0.0	3.0	3.0	81.0	0.0	0.0
1ba97ce98cea8b1884a9999e5fd951de	0.0	0.0	0.0	0.0	0.0	0.0	45.0	0.0	0.0	0.0
85be65483ca5e5f14d44899608ab1dbf	0.0	0.0	0.0	0.0	0.0	0.0	39.0	0.0	0.0	0.0
4d3a11e940588e87916c3aa725d29303	0.0	0.0	0.0	0.0	0.0	0.0	36.0	0.0	0.0	0.0
5423ef803850a519dd3a59044d047810	0.0	0.0	0.0	0.0	0.0	0.0	27.0	0.0	0.0	0.0
2e5ba9121ce486b7c1c7d1ff623778e6	0.0	0.0	0.0	0.0	0.0	0.0	26.0	0.0	0.0	0.0
f61f68789ad058dd2257a0598cb20b96	0.0	0.0	0.0	0.0	0.0	0.0	19.0	0.0	0.0	0.0
861d6f7592c2dcdb0a65ee05040b3fac	0.0	0.0	0.0	0.0	0.0	0.0	16.0	0.0	0.0	0.0
383ca2b9cb55ea8417e8e7735a661519	0.0	0.0	0.0	0.0	0.0	0.0	14.0	0.0	0.0	0.0
ffae989f684405a0d1d4b8065fc59331	0.0	0.0	0.0	0.0	0.0	0.0	13.0	0.0	0.0	0.0
6dc8321c576c157ce83b53e6ac903a85	0.0	0.0	0.0	0.0	0.0	0.0	13.0	0.0	0.0	0.0
ba43620b2f32b8f36a5e79d72413bcae	0.0	0.0	0.0	0.0	0.0	0.0	11.0	0.0	0.0	0.0
ddabebce14259b11d2fcdd6853592e5f	0.0	0.0	0.0	0.0	0.0	0.0	10.0	24.0	0.0	0.0
73c29a1f7f87b7a6e1fdba64ca3e19b6	0.0	0.0	0.0	0.0	0.0	0.0	0.0	150.0	0.0	0.0
43e4d06091200acb450f0229920689f7	0.0	0.0	0.0	0.0	0.0	0.0	0.0	139.0	59.0	0.0
e03929ea167939e660836c08d8e77792	0.0	0.0	0.0	0.0	0.0	0.0	0.0	119.0	412.0	0.0
5ec803f68f3c48cd9ce6436ccbd5b1e3	0.0	0.0	0.0	0.0	0.0	0.0	0.0	81.0	0.0	0.0
20eeb45918a53374d7130cf81ec5cafb	0.0	0.0	0.0	0.0	0.0	0.0	0.0	56.0	0.0	0.0
1ef547d7fdf0ca63f3a88fda187585ad	0.0	0.0	0.0	0.0	0.0	0.0	0.0	52.0	0.0	0.0
3a9390c50e550e884fbaae75365b21eb	0.0	0.0	0.0	0.0	0.0	0.0	0.0	47.0	16.0	0.0
1c2e1f0fd665d8f8b1a90fcc1aa7ff7b	0.0	0.0	0.0	0.0	0.0	0.0	0.0	46.0	0.0	0.0
c8ac4fbc47d75c14681413e2bba45578	0.0	0.0	0.0	0.0	0.0	0.0	0.0	43.0	0.0	6.0
b4317ec0ee39b1ecc7ea25a47a19113b	0.0	0.0	0.0	0.0	0.0	0.0	0.0	41.0	0.0	0.0
5096fc71cf622d200e02a6881a413144	0.0	0.0	0.0	0.0	0.0	0.0	0.0	40.0	0.0	0.0
1ea9cb486ff7fcc1a5d05ba6f5c58352	0.0	0.0	0.0	0.0	0.0	0.0	0.0	40.0	0.0	0.0
c606875d1e5ab1fec3ffbd61e0e2d52a	0.0	0.0	0.0	0.0	0.0	0.0	0.0	35.0	8.0	0.0
6ba93854f56135e0943a2c5143018885	0.0	0.0	0.0	0.0	0.0	0.0	0.0	32.0	63.0	0.0
5feb2f68f8ed73e236b8674505544c1d	0.0	0.0	0.0	0.0	0.0	0.0	0.0	32.0	0.0	0.0
9cb9a73a34b80a2b0c59c51763185342	0.0	0.0	0.0	0.0	0.0	0.0	0.0	29.0	0.0	0.0
69544a14fcc3e8c4ef836b55a7755121	0.0	0.0	0.0	0.0	0.0	0.0	0.0	29.0	44.0	0.0
e7f156fa2e77c12fe86deb729ca14fe4	0.0	0.0	0.0	0.0	0.0	0.0	0.0	27.0	0.0	0.0
e737f12108896cefe7e312ed079d6c96	0.0	0.0	0.0	0.0	0.0	0.0	0.0	27.0	0.0	0.0
432a362d3f359d08e2663ee1909dfec2	0.0	0.0	0.0	0.0	0.0	0.0	0.0	26.0	0.0	0.0
7f79282610c0e9341a6924ebc3adbe9a	0.0	0.0	0.0	0.0	0.0	0.0	0.0	24.0	0.0	0.0
884550c559d19af7a4a757d75045eda3	0.0	0.0	0.0	0.0	0.0	0.0	0.0	23.0	0.0	0.0
b5f5830189539ab8a9900eaae3799186	0.0	0.0	0.0	0.0	0.0	0.0	0.0	23.0	0.0	0.0
5cb28bd0b2eea6847a6328712217c141	0.0	0.0	0.0	0.0	0.0	0.0	0.0	22.0	0.0	0.0
5a4f3f2120a59391d6daa29d12d418cb	0.0	0.0	0.0	0.0	0.0	0.0	0.0	22.0	0.0	0.0
32a588754e934dd87e0faecc912bdab2	0.0	0.0	0.0	0.0	0.0	0.0	0.0	21.0	0.0	0.0
ac16872d65af6d0e71e5b8e0624f7f10	0.0	0.0	0.0	0.0	0.0	0.0	0.0	21.0	12.0	0.0
ad187b163f072a7443ee3a88f9bb5666	0.0	0.0	0.0	0.0	0.0	0.0	0.0	20.0	0.0	0.0
b2866fdca13681232057e3e85a1978cf	0.0	0.0	0.0	0.0	0.0	0.0	0.0	19.0	0.0	0.0
aba49920be1da43025023df53c9134ca	0.0	0.0	0.0	0.0	0.0	0.0	0.0	19.0	0.0	0.0
4f165d0e2f4e3ca99668dbabd2db275a	0.0	0.0	0.0	0.0	0.0	0.0	0.0	19.0	0.0	0.0
6fea6a26dbc4de9558be63f26f07f7fa	0.0	0.0	0.0	0.0	0.0	0.0	0.0	18.0	0.0	0.0
7a2b0913b7b2750ba673bbfed98386d6	0.0	0.0	0.0	0.0	0.0	0.0	0.0	17.0	0.0	0.0
357c6b7b8c48fadf014dd37cc3de133e	0.0	0.0	0.0	0.0	0.0	0.0	0.0	17.0	0.0	0.0
a57111a956a7c95f2f4348968dfb5a45	0.0	0.0	0.0	0.0	0.0	0.0	0.0	17.0	0.0	0.0
f4630fdb75c57ec2f79f5f44c440c961	0.0	0.0	0.0	0.0	0.0	0.0	0.0	16.0	0.0	0.0
b16242b86c6da066de0ade5c3b540525	0.0	0.0	0.0	0.0	0.0	0.0	0.0	16.0	0.0	0.0
34d0e4410278fca5bbc2eac3de76feac	0.0	0.0	0.0	0.0	0.0	0.0	0.0	16.0	0.0	0.0
8b42d0ee250544d1ee8782039d325ede	0.0	0.0	0.0	0.0	0.0	0.0	0.0	16.0	21.0	0.0
9534f120660aefb9b7bc98110598025e	0.0	0.0	0.0	0.0	0.0	0.0	0.0	16.0	0.0	0.0
8b111e12f8f73205bac732c7479a97e8	0.0	0.0	0.0	0.0	0.0	0.0	0.0	15.0	253.0	0.0
db1e967e33bcd8f35c10ad5e21e70989	0.0	0.0	0.0	0.0	0.0	0.0	0.0	15.0	32.0	0.0
abbf13c07c322c8416d7e133826045a9	0.0	0.0	0.0	0.0	0.0	0.0	0.0	15.0	13.0	0.0
672571c8b5b36908dedd79646f4e71b1	0.0	0.0	0.0	0.0	0.0	0.0	0.0	15.0	27.0	0.0
ecacc16bff07a726a129028a665c5e00	0.0	0.0	0.0	0.0	0.0	0.0	0.0	15.0	0.0	0.0
27ec730c1d99b39673963615986a3acf	0.0	0.0	0.0	0.0	0.0	0.0	0.0	15.0	0.0	0.0
bd6146254e528e28ba6cd5cd0b6221b9	0.0	0.0	0.0	0.0	0.0	0.0	0.0	15.0	0.0	0.0
a5e4d0478417e5cdc330ce5df22651a0	0.0	0.0	0.0	0.0	0.0	0.0	0.0	15.0	0.0	0.0
f529d01fdaa607bb38d6f864db74b9f9	0.0	0.0	0.0	0.0	0.0	0.0	0.0	14.0	0.0	0.0
9af604229897c70de75a7740fe13e80d	0.0	0.0	0.0	0.0	0.0	0.0	0.0	14.0	0.0	0.0
ff91070a7537856a100dce663b8265df	0.0	0.0	0.0	0.0	0.0	0.0	0.0	13.0	0.0	0.0
991f2f7bfb42dd9b420fe8c496356c02	0.0	0.0	0.0	0.0	0.0	0.0	0.0	13.0	0.0	0.0
0cb9d6e538851b223d43db1dcfe358d4	0.0	0.0	0.0	0.0	0.0	0.0	0.0	13.0	0.0	0.0
a0556fe2daec24774a52f3eb2ce640ff	0.0	0.0	0.0	0.0	0.0	0.0	0.0	13.0	7.0	0.0
06af40804b07c742a15e5ba83484a0c3	0.0	0.0	0.0	0.0	0.0	0.0	0.0	13.0	0.0	0.0
3499d2e8048677973d14129afdc117e1	0.0	0.0	0.0	0.0	0.0	0.0	0.0	12.0	4.0	0.0
754fd303a88ff912eeac58c9bffa7781	0.0	0.0	0.0	0.0	0.0	0.0	0.0	12.0	0.0	0.0
e2b793a7db5f0b8bf584d645b760f68a	0.0	0.0	0.0	0.0	0.0	0.0	0.0	12.0	0.0	0.0
1392e803322a07fb2f8ece33b03edb62	0.0	0.0	0.0	0.0	0.0	0.0	0.0	12.0	0.0	0.0
63c6b1351da2766e33392d695606289e	0.0	0.0	0.0	0.0	0.0	0.0	0.0	12.0	0.0	0.0
0186726921b80099034bbfc798619509	0.0	0.0	0.0	0.0	0.0	0.0	0.0	12.0	0.0	0.0
e6737f38fe873a7c294c09932cea51ff	0.0	0.0	0.0	0.0	0.0	0.0	0.0	12.0	28.0	0.0
ef2a8409542dc10ff1a4f4f6e00beca6	0.0	0.0	0.0	0.0	0.0	0.0	0.0	12.0	0.0	0.0
4c491e23267eaa05a1fd2091493b6a63	0.0	0.0	0.0	0.0	0.0	0.0	0.0	12.0	0.0	0.0
d45df7fc3456e5f7f6cb1a6fdaeb1fe2	0.0	0.0	0.0	0.0	0.0	0.0	0.0	12.0	0.0	0.0
14e5d1f056ddd65199979526da6c7018	0.0	0.0	0.0	0.0	0.0	0.0	0.0	12.0	0.0	0.0
7b4ad02cafdf80e0ab1c65f6b2ccd55d	0.0	0.0	0.0	0.0	0.0	0.0	0.0	12.0	0.0	0.0
2b76d0dbd15ffe647bc0194a22fc0528	0.0	0.0	0.0	0.0	0.0	0.0	0.0	12.0	0.0	0.0
e7e23553bcb3b809fe953ff90c99da54	0.0	0.0	0.0	0.0	0.0	0.0	0.0	12.0	0.0	0.0
089c3be1311ff6fbad086aa032fa82d2	0.0	0.0	0.0	0.0	0.0	0.0	0.0	12.0	0.0	0.0
9446bda7c51d0c1bca35f6bb8f15dec6	0.0	0.0	0.0	0.0	0.0	0.0	0.0	11.0	0.0	0.0
58fbdaa65ca6c1bae25aef83c7698c2d	0.0	0.0	0.0	0.0	0.0	0.0	0.0	11.0	0.0	0.0
8415b3e4340fc5ce4dd9e402064dcbc8	0.0	0.0	0.0	0.0	0.0	0.0	0.0	11.0	0.0	0.0
59a0c637ca34d61a90c1ff94052b3180	0.0	0.0	0.0	0.0	0.0	0.0	0.0	11.0	0.0	0.0
aa65134e25b44b4269f9fa2241f5950d	0.0	0.0	0.0	0.0	0.0	0.0	0.0	10.0	0.0	0.0
8f71c4e65b0a22a4fd0ff23ce996c37e	0.0	0.0	0.0	0.0	0.0	0.0	0.0	10.0	0.0	0.0
1f537877557fd6aafc4cf220ab289308	0.0	0.0	0.0	0.0	0.0	0.0	0.0	10.0	0.0	0.0
6c755c75abd27b34cbc58aed4c458009	0.0	0.0	0.0	0.0	0.0	0.0	0.0	10.0	0.0	0.0
d7ba3489a833a068745fd61c724e47f9	0.0	0.0	0.0	0.0	0.0	0.0	0.0	10.0	0.0	0.0
a952212df62f3bce8eda43e156241036	0.0	0.0	0.0	0.0	0.0	0.0	0.0	10.0	0.0	0.0
6ed78d171f7f94994994f89b7182e755	0.0	0.0	0.0	0.0	0.0	0.0	0.0	10.0	0.0	0.0
a12f6dcdbd0bb57336d73d450db41680	0.0	0.0	0.0	0.0	0.0	0.0	0.0	10.0	18.0	0.0
9d6667ca76fd546f29647ce09dd37d33	0.0	0.0	0.0	0.0	0.0	0.0	0.0	10.0	0.0	0.0
ba584c7faa424e846b469c941beda37a	0.0	0.0	0.0	0.0	0.0	0.0	0.0	10.0	0.0	0.0
3a1519674ef8631bc83df3e4c94bd30b	0.0	0.0	0.0	0.0	0.0	0.0	0.0	10.0	7.0	0.0
32136de1ec26a64aa31154f8a2e1ae27	0.0	0.0	0.0	0.0	0.0	0.0	0.0	6.0	15.0	0.0
8992381f7d3d5af45d162e2f4b38d01b	0.0	0.0	0.0	0.0	0.0	0.0	0.0	5.0	116.0	0.0
ccd043d34cee4400e781b9bce6d4c1ea	0.0	0.0	0.0	0.0	0.0	0.0	0.0	5.0	17.0	0.0
d831e11b8c8d897c1d2e223a7bc729d2	0.0	0.0	0.0	0.0	0.0	0.0	0.0	1.0	0.0	12.0
0834f1774085734fd02d3c6332d22435	0.0	0.0	0.0	0.0	0.0	0.0	0.0	0.0	768.0	0.0
f40026240ef46b27fc10b628b27654ce	0.0	0.0	0.0	0.0	0.0	0.0	0.0	0.0	296.0	0.0
87cc2ffa9b418d0cb42e7ede41b65722	0.0	0.0	0.0	0.0	0.0	0.0	0.0	0.0	249.0	0.0
af69071aa9231b7be650d79bfa807549	0.0	0.0	0.0	0.0	0.0	0.0	0.0	0.0	131.0	0.0
48a18ba8901ad0bc1ab7cbce8b2290c7	0.0	0.0	0.0	0.0	0.0	0.0	0.0	0.0	117.0	0.0
5c56815fa7a853e8b57e0da24cd6346a	0.0	0.0	0.0	0.0	0.0	0.0	0.0	0.0	115.0	0.0
d51176fd1a89a49ecf5fd239f89e62cb	0.0	0.0	0.0	0.0	0.0	0.0	0.0	0.0	112.0	0.0
1b32b90d7a4bd0d71dbbb8d4cc93ddd4	0.0	0.0	0.0	0.0	0.0	0.0	0.0	0.0	108.0	0.0
297733bda8a8f98eba0bbe4cf467e79f	0.0	0.0	0.0	0.0	0.0	0.0	0.0	0.0	99.0	0.0
7456439c56467b8a541134540062193f	0.0	0.0	0.0	0.0	0.0	0.0	0.0	0.0	89.0	0.0
142ad02bd4cc46f381b8fd28c292a268	0.0	0.0	0.0	0.0	0.0	0.0	0.0	0.0	84.0	0.0
352ec0ddfde4d4de66a13dd3d4fcbe1e	0.0	0.0	0.0	0.0	0.0	0.0	0.0	0.0	67.0	0.0
e2f608e18d87e60092000ed4e323066e	0.0	0.0	0.0	0.0	0.0	0.0	0.0	0.0	63.0	0.0
bc7f4ee661b7e67c4d58deb5bee2f5ff	0.0	0.0	0.0	0.0	0.0	0.0	0.0	0.0	62.0	0.0
841c241ad5586d2eacfc479505816672	0.0	0.0	0.0	0.0	0.0	0.0	0.0	0.0	59.0	0.0
e0c69128802eb73a0b03ce77f47de4f7	0.0	0.0	0.0	0.0	0.0	0.0	0.0	0.0	54.0	0.0
1b75626f6834620dc2c729a1a81f497a	0.0	0.0	0.0	0.0	0.0	0.0	0.0	0.0	52.0	0.0
9152008e767b01ee5df6d8c88825d006	0.0	0.0	0.0	0.0	0.0	0.0	0.0	0.0	50.0	0.0
3a291bf81717f533ef3fa11e9145eec4	0.0	0.0	0.0	0.0	0.0	0.0	0.0	0.0	42.0	0.0
c205cc40e7c89c223f2732ae395057ea	0.0	0.0	0.0	0.0	0.0	0.0	0.0	0.0	40.0	0.0
9f72300e994fc58b640f9908a77211c6	0.0	0.0	0.0	0.0	0.0	0.0	0.0	0.0	37.0	0.0
b02947394c7c02f63197f4bda72a5f1f	0.0	0.0	0.0	0.0	0.0	0.0	0.0	0.0	36.0	0.0
591e7826184c882beadc0b8e0ab41c39	0.0	0.0	0.0	0.0	0.0	0.0	0.0	0.0	35.0	0.0
0ee0a3cc2b185e828aed755ae41df667	0.0	0.0	0.0	0.0	0.0	0.0	0.0	0.0	30.0	0.0
f7f2ac1eced1e317a2552e40a827af42	0.0	0.0	0.0	0.0	0.0	0.0	0.0	0.0	27.0	0.0
585438370ac917828874d8f3b0a05490	0.0	0.0	0.0	0.0	0.0	0.0	0.0	0.0	25.0	0.0
5b8b1bcbc73914de1e3756421976c100	0.0	0.0	0.0	0.0	0.0	0.0	0.0	0.0	22.0	0.0
953f4055b95ec14d0df00223b4efc995	0.0	0.0	0.0	0.0	0.0	0.0	0.0	0.0	21.0	0.0
8d5abe70eff16dc4ff9318c944a9d88b	0.0	0.0	0.0	0.0	0.0	0.0	0.0	0.0	19.0	0.0
3d494b102f5218318d1de619eb7491b8	0.0	0.0	0.0	0.0	0.0	0.0	0.0	0.0	18.0	0.0
fb3db1aed2d4ead219d56720ec7a3f35	0.0	0.0	0.0	0.0	0.0	0.0	0.0	0.0	17.0	0.0
47fdcf05f40b5c0ea4ef6b9b8a02a8d7	0.0	0.0	0.0	0.0	0.0	0.0	0.0	0.0	16.0	0.0
f5e42a7a11098df3f6c4d1024da5ec0b	0.0	0.0	0.0	0.0	0.0	0.0	0.0	0.0	16.0	0.0
6637d7dd8155f6f46e739d24fcf27c0e	0.0	0.0	0.0	0.0	0.0	0.0	0.0	0.0	16.0	0.0
9a8a9290ce88eff46ce00def425bd028	0.0	0.0	0.0	0.0	0.0	0.0	0.0	0.0	13.0	0.0
f641cf18ee9bcc864739f4f1c9038215	0.0	0.0	0.0	0.0	0.0	0.0	0.0	0.0	13.0	0.0
ab89e805178b2c5d2e7602e4583a19f9	0.0	0.0	0.0	0.0	0.0	0.0	0.0	0.0	12.0	0.0
1683ab7de0ab4a018d013df0c3a336d5	0.0	0.0	0.0	0.0	0.0	0.0	0.0	0.0	11.0	0.0
8f7c968cbd8dbb2cf277724a6b14d0e5	0.0	0.0	0.0	0.0	0.0	0.0	0.0	0.0	10.0	0.0
fee2e87862e36da2a1fdfa87fce2e033	0.0	0.0	0.0	0.0	0.0	0.0	0.0	0.0	0.0	38.0
3fcd2552f13e6f3f9c60ef0b95b1e308	0.0	0.0	0.0	0.0	0.0	0.0	0.0	0.0	0.0	26.0
0da781d23f2d4f1367c26b48fd9963d0	0.0	0.0	0.0	0.0	0.0	0.0	0.0	0.0	0.0	13.0
3c93c5367c48dd60e62183cc3d939090	0.0	0.0	0.0	0.0	0.0	0.0	0.0	0.0	0.0	13.0
aa8b748aa70ea4e920291c23e33e8c8b	0.0	0.0	0.0	0.0	0.0	0.0	0.0	0.0	0.0	12.0